00100001101011010000000000000001
00100001100011000000000000000101
00000001110000000111000000100000
00000001111000000111100000100000
00111100000000010001000000000001
00110100001010000000000000000000
00111100000000010001000000000001
00110100001010100000000000010000
00000001000011101000000000100000
00000001010011111000100000100000
10001110000010110000000000000000
10101110001010110000000000000000
00100001110011100000000000000100
00100001111011110000000000000100
00100100000000100000000000000001
00000001011000000010000000100000
00100001101011010000000000000001
00000000000000000000000000001100
00010001100011010000000000000001
00001000000100000000000000001000
